NIR 4608 3456
3656.19664899001372759813 0 2310.03961427600097522372
0 3656.19664899001372759813 1706.10601596752940167789
0 0 1
0.18219474599999999076 -0.47645552200000002019 0.39172488700000002160
-0.00068911099999999996 0.00014414600000000000
1.77890259978028741905 -27.63165705609763378447 -1.51911727459210177393
0.97245902494782943126 -0.22473340085526513632 -0.06179274502353456627
-0.21836981129095631160 -0.78582817132998472598 -0.57860929016126605440
0.08147435372108804974 0.57616749620592000447 -0.81326068760363190435
RED 4608 3456
3656.19664899001372759813 0 2310.03961427600097522372
0 3656.19664899001372759813 1706.10601596752940167789
0 0 1
0.18219474599999999076 -0.47645552200000002019 0.39172488700000002160
-0.00068911099999999996 0.00014414600000000000
1.77890259978028741905 -27.63165705609763378447 -1.51911727459210177393
0.97245902494782943126 -0.22473340085526513632 -0.06179274502353456627
-0.21836981129095631160 -0.78582817132998472598 -0.57860929016126605440
0.08147435372108804974 0.57616749620592000447 -0.81326068760363190435
REG 4608 3456
3656.19664899001372759813 0 2310.03961427600097522372
0 3656.19664899001372759813 1706.10601596752940167789
0 0 1
0.18219474599999999076 -0.47645552200000002019 0.39172488700000002160
-0.00068911099999999996 0.00014414600000000000
1.77890259978028741905 -27.63165705609763378447 -1.51911727459210177393
0.97245902494782943126 -0.22473340085526513632 -0.06179274502353456627
-0.21836981129095631160 -0.78582817132998472598 -0.57860929016126605440
0.08147435372108804974 0.57616749620592000447 -0.81326068760363190435
GRE 4608 3456
3656.19664899001372759813 0 2310.03961427600097522372
0 3656.19664899001372759813 1706.10601596752940167789
0 0 1
0.18219474599999999076 -0.47645552200000002019 0.39172488700000002160
-0.00068911099999999996 0.00014414600000000000
1.77890259978028741905 -27.63165705609763378447 -1.51911727459210177393
0.97245902494782943126 -0.22473340085526513632 -0.06179274502353456627
-0.21836981129095631160 -0.78582817132998472598 -0.57860929016126605440
0.08147435372108804974 0.57616749620592000447 -0.81326068760363190435