fileName imageWidth imageHeight 
camera matrix K [3x3]
radial distortion [3x1]
tangential distortion [2x1]
camera position t [3x1]
camera rotation R [3x3]
camera model m = K [R|-Rt] X

IMG_190522_085454_0024_RGB.JPG 4608 3456
3656.19664899001372759813 0 2310.03961427600097522372
0 3656.19664899001372759813 1706.10601596752940167789
0 0 1
0.18219474599999999076 -0.47645552200000002019 0.39172488700000002160
-0.00068911099999999996 0.00014414600000000000
1.77890259978028741905 -27.63165705609763378447 -1.51911727459210177393
0.97245902494782943126 -0.22473340085526513632 -0.06179274502353456627
-0.21836981129095631160 -0.78582817132998472598 -0.57860929016126605440
0.08147435372108804974 0.57616749620592000447 -0.81326068760363190435
IMG_190522_085455_0025_RGB.JPG 4608 3456
3656.19664899001372759813 0 2310.03961427600097522372
0 3656.19664899001372759813 1706.10601596752940167789
0 0 1
0.18219474599999999076 -0.47645552200000002019 0.39172488700000002160
-0.00068911099999999996 0.00014414600000000000
3.23904884304217111080 -22.79563787015639775291 0.79575395139530447075
0.96566110727643428291 -0.24804043096932607004 -0.07729534590259501403
-0.23780784758057438300 -0.96368405422557334994 0.12149267986367034977
-0.10462338898518397379 -0.09893931592604117420 -0.98957817186988406011
IMG_190522_085456_0026_RGB.JPG 4608 3456
3656.19664899001372759813 0 2310.03961427600097522372
0 3656.19664899001372759813 1706.10601596752940167789
0 0 1
0.18219474599999999076 -0.47645552200000002019 0.39172488700000002160
-0.00068911099999999996 0.00014414600000000000
3.15691382139206044855 -22.70148294006706990444 0.79804630218027072797
0.95763639621698914972 -0.27571202746031986397 -0.08315894752976035753
-0.28791219193919687092 -0.92289480737305007452 -0.25567898673263661502
-0.00625318905076829856 0.26878997830570350303 -0.96317851159020084761
IMG_190522_085457_0027_RGB.JPG 4608 3456
3656.19664899001372759813 0 2310.03961427600097522372
0 3656.19664899001372759813 1706.10601596752940167789
0 0 1
0.18219474599999999076 -0.47645552200000002019 0.39172488700000002160
-0.00068911099999999996 0.00014414600000000000
5.28611921168325427089 -15.89503496985425989863 1.07842950203590492997
0.95468891816497436498 -0.28219792057984871558 -0.09451668187891687500
-0.26809788244729398921 -0.95338156843687515973 0.13851754543060978975
-0.12919982569751375934 -0.10690144332633443047 -0.98583948310791380543
IMG_190522_085458_0028_RGB.JPG 4608 3456
3656.19664899001372759813 0 2310.03961427600097522372
0 3656.19664899001372759813 1706.10601596752940167789
0 0 1
0.18219474599999999076 -0.47645552200000002019 0.39172488700000002160
-0.00068911099999999996 0.00014414600000000000
6.02337096129817783918 -13.91980009918001037761 0.80160007280866385493
0.96137202557212397824 -0.26533013805520783146 -0.07323760159204995013
-0.24785028885980756042 -0.95019301492588859048 0.18895361520267378586
-0.11972494627044705240 -0.16350275907658110008 -0.97925113480398073840
IMG_190522_085459_0029_RGB.JPG 4608 3456
3656.19664899001372759813 0 2310.03961427600097522372
0 3656.19664899001372759813 1706.10601596752940167789
0 0 1
0.18219474599999999076 -0.47645552200000002019 0.39172488700000002160
-0.00068911099999999996 0.00014414600000000000
6.50421432847389358045 -12.95526086429273071587 0.65981090805492614848
0.96100560108473442877 -0.26638732343910059841 -0.07420261851660044095
-0.25509037988026206367 -0.95758374452577099678 0.13402339464640669608
-0.10675735467082211883 -0.10986885878607688394 -0.98819618552832577674
IMG_190522_085500_0030_RGB.JPG 4608 3456
3656.19664899001372759813 0 2310.03961427600097522372
0 3656.19664899001372759813 1706.10601596752940167789
0 0 1
0.18219474599999999076 -0.47645552200000002019 0.39172488700000002160
-0.00068911099999999996 0.00014414600000000000
7.21657203862808938055 -10.95971757226372744753 0.47088544570649287779
0.96326748403916573338 -0.26046434152909320181 -0.06537645588949843323
-0.24529282193044804616 -0.95248322829989007232 0.18057444812823533753
-0.10930318248913506451 -0.15790511897729955781 -0.98138615625986469482
IMG_190522_085501_0031_RGB.JPG 4608 3456
3656.19664899001372759813 0 2310.03961427600097522372
0 3656.19664899001372759813 1706.10601596752940167789
0 0 1
0.18219474599999999076 -0.47645552200000002019 0.39172488700000002160
-0.00068911099999999996 0.00014414600000000000
7.74983250820409441673 -9.67305662245639297225 0.61751807253308610424
0.95855680099501627822 -0.27478179980923245207 -0.07525836670961988384
-0.26012471755951793728 -0.95185278262552441841 0.16220792681810372593
-0.11620667184280661366 -0.13590895004246469902 -0.98388249639759983722
IMG_190522_085502_0032_RGB.JPG 4608 3456
3656.19664899001372759813 0 2310.03961427600097522372
0 3656.19664899001372759813 1706.10601596752940167789
0 0 1
0.18219474599999999076 -0.47645552200000002019 0.39172488700000002160
-0.00068911099999999996 0.00014414600000000000
8.09534536889832878614 -8.90859831109459321397 0.82943273509029724622
0.95870204628699040583 -0.27369581030662931687 -0.07733685968368977925
-0.26936351842762429332 -0.96104169878996714704 0.06198506374268678704
-0.09128899925745727340 -0.03859347882080119835 -0.99507630964016036135
IMG_190522_085503_0033_RGB.JPG 4608 3456
3656.19664899001372759813 0 2310.03961427600097522372
0 3656.19664899001372759813 1706.10601596752940167789
0 0 1
0.18219474599999999076 -0.47645552200000002019 0.39172488700000002160
-0.00068911099999999996 0.00014414600000000000
8.92721330121320377771 -6.44207640172320150640 0.81178262481351182167
0.96005273913298483368 -0.26936031966741064148 -0.07578757333444019473
-0.25864772546727826663 -0.95759221698953012059 0.12695865496956135199
-0.10677121425672871091 -0.10228472099852940758 -0.98900846490634075625
IMG_190522_085504_0034_RGB.JPG 4608 3456
3656.19664899001372759813 0 2310.03961427600097522372
0 3656.19664899001372759813 1706.10601596752940167789
0 0 1
0.18219474599999999076 -0.47645552200000002019 0.39172488700000002160
-0.00068911099999999996 0.00014414600000000000
9.45121127193178622861 -5.14272061105814248805 0.89064692265480294164
0.95880239353995522222 -0.27144222120178196356 -0.08376807680194037209
-0.26377253330209082804 -0.96016738890954378416 0.09220973891095286812
-0.10546099192331864769 -0.06631520054762402028 -0.99220979301702016961
IMG_190522_085505_0035_RGB.JPG 4608 3456
3656.19664899001372759813 0 2310.03961427600097522372
0 3656.19664899001372759813 1706.10601596752940167789
0 0 1
0.18219474599999999076 -0.47645552200000002019 0.39172488700000002160
-0.00068911099999999996 0.00014414600000000000
9.95691970521141023198 -3.85612981723796499622 0.92469824819553414486
0.95692479948421593772 -0.27698681881837117214 -0.08702430886236395269
-0.27537414908729218599 -0.96086074604246629605 0.03026061349617673035
-0.09200003340511930805 -0.00499288649921510522 -0.99574648627944595258
IMG_190522_085506_0036_RGB.JPG 4608 3456
3656.19664899001372759813 0 2310.03961427600097522372
0 3656.19664899001372759813 1706.10601596752940167789
0 0 1
0.18219474599999999076 -0.47645552200000002019 0.39172488700000002160
-0.00068911099999999996 0.00014414600000000000
10.85332002522424943436 -1.22848759529214013320 0.79138084624338644879
0.96474323674258255501 -0.24923637354839583979 -0.08456782638740244218
-0.23678715473601949504 -0.96220228180098521520 0.13453108283589246263
-0.11490139473246488433 -0.10976337730510070390 -0.98729411549502932299
IMG_190522_085507_0037_RGB.JPG 4608 3456
3656.19664899001372759813 0 2310.03961427600097522372
0 3656.19664899001372759813 1706.10601596752940167789
0 0 1
0.18219474599999999076 -0.47645552200000002019 0.39172488700000002160
-0.00068911099999999996 0.00014414600000000000
11.44430478914805071611 0.62942701087207764132 0.90841430300828085453
0.95681417301534676945 -0.27650922248623838184 -0.08971782541398308497
-0.25915334338968659678 -0.95116722878596804414 0.16769152481138999145
-0.13170490851485078254 -0.13719895321640673824 -0.98174857489553657430
IMG_190522_085508_0038_RGB.JPG 4608 3456
3656.19664899001372759813 0 2310.03961427600097522372
0 3656.19664899001372759813 1706.10601596752940167789
0 0 1
0.18219474599999999076 -0.47645552200000002019 0.39172488700000002160
-0.00068911099999999996 0.00014414600000000000
11.89873043225979643012 1.58659055396818082784 1.02651582294399146278
0.95773455549912045459 -0.27299572575055908175 -0.09065238510280680673
-0.26396702309520969632 -0.95931767282446089862 0.10015494658235127301
-0.11430630744256892184 -0.07199261301401790880 -0.99083355400907713317
IMG_190522_085509_0039_RGB.JPG 4608 3456
3656.19664899001372759813 0 2310.03961427600097522372
0 3656.19664899001372759813 1706.10601596752940167789
0 0 1
0.18219474599999999076 -0.47645552200000002019 0.39172488700000002160
-0.00068911099999999996 0.00014414600000000000
12.35804756145948424262 2.41944571679453579449 0.99662570070391365284
0.96179461683483247203 -0.25885886687176040688 -0.08912464344616471967
-0.25508446412233976019 -0.96554037157617622622 0.05161111333771169207
-0.09941343566619414984 -0.02690497906350399621 -0.99468240705796939771
IMG_190522_085510_0040_RGB.JPG 4608 3456
3656.19664899001372759813 0 2310.03961427600097522372
0 3656.19664899001372759813 1706.10601596752940167789
0 0 1
0.18219474599999999076 -0.47645552200000002019 0.39172488700000002160
-0.00068911099999999996 0.00014414600000000000
12.96233433663562983895 4.29765358577226930237 1.03516237126661758694
0.96071479788632119234 -0.26537732082527715205 -0.08125241358779942968
-0.26146139240425653183 -0.96360338250562604934 0.05573563945756231791
-0.09308607524368110731 -0.03230168440366427973 -0.99513395268195614651
IMG_190522_085511_0041_RGB.JPG 4608 3456
3656.19664899001372759813 0 2310.03961427600097522372
0 3656.19664899001372759813 1706.10601596752940167789
0 0 1
0.18219474599999999076 -0.47645552200000002019 0.39172488700000002160
-0.00068911099999999996 0.00014414600000000000
13.37375499821254365429 5.09400948875995585041 1.10125019153638836755
0.95911073955598469265 -0.26759213648085317105 -0.09220107245571794452
-0.26754966390646078844 -0.96345566775880997490 0.01305195797439543184
-0.09232424715052893471 0.01215009288186654109 -0.99565486421302140663
IMG_190522_085512_0042_RGB.JPG 4608 3456
3656.19664899001372759813 0 2310.03961427600097522372
0 3656.19664899001372759813 1706.10601596752940167789
0 0 1
0.18219474599999999076 -0.47645552200000002019 0.39172488700000002160
-0.00068911099999999996 0.00014414600000000000
14.54524549167332914124 9.10545508283942872652 0.77933227122938419917
0.95387212276012744994 -0.28694739317199868811 -0.08825625741488569986
-0.27482826569381169080 -0.95294105327292499830 0.12795613843352668382
-0.12081969126272344706 -0.09779847922581717812 -0.98784515976153752792
IMG_190522_085513_0043_RGB.JPG 4608 3456
3656.19664899001372759813 0 2310.03961427600097522372
0 3656.19664899001372759813 1706.10601596752940167789
0 0 1
0.18219474599999999076 -0.47645552200000002019 0.39172488700000002160
-0.00068911099999999996 0.00014414600000000000
15.02028648987887393673 10.33246435432231358220 0.59386176629171372188
0.96178194148714168943 -0.25801448730973947088 -0.09167344963246773504
-0.24418746354541709387 -0.95968902502915109931 0.13917419978520786938
-0.12388696330316562033 -0.11146972493412572736 -0.98601547693057556287
IMG_190522_085514_0044_RGB.JPG 4608 3456
3656.19664899001372759813 0 2310.03961427600097522372
0 3656.19664899001372759813 1706.10601596752940167789
0 0 1
0.18219474599999999076 -0.47645552200000002019 0.39172488700000002160
-0.00068911099999999996 0.00014414600000000000
15.24117320856891311109 10.43997922167145908645 0.78820490834712497730
0.96235802631453626343 -0.25904740132097164862 -0.08222817678169552780
-0.25536009333594639203 -0.96540565433360037151 0.05275552399673189008
-0.09304972820727129557 -0.02977190705286558714 -0.99521624867713476270
IMG_190522_085515_0045_RGB.JPG 4608 3456
3656.19664899001372759813 0 2310.03961427600097522372
0 3656.19664899001372759813 1706.10601596752940167789
0 0 1
0.18219474599999999076 -0.47645552200000002019 0.39172488700000002160
-0.00068911099999999996 0.00014414600000000000
16.09505925302360296314 13.20355118828592466684 0.75255339954763311727
0.95738228161926330895 -0.27339632437621269601 -0.09313225359170847206
-0.26669998269081740538 -0.96059602344924821526 0.07827131636946561832
-0.11086156265456172110 -0.05009720103027673344 -0.99257240762310161575
IMG_190522_085516_0046_RGB.JPG 4608 3456
3656.19664899001372759813 0 2310.03961427600097522372
0 3656.19664899001372759813 1706.10601596752940167789
0 0 1
0.18219474599999999076 -0.47645552200000002019 0.39172488700000002160
-0.00068911099999999996 0.00014414600000000000
16.69138687948613153367 14.62222773038619294539 0.69276396526893069261
0.96062583905782172877 -0.26739811610394920161 -0.07547347109094061646
-0.26404467718264318377 -0.96313136592939185832 0.05155948423420955024
-0.08647777625476898988 -0.02960100449381510707 -0.99581392576474203615
IMG_190522_085517_0047_RGB.JPG 4608 3456
3656.19664899001372759813 0 2310.03961427600097522372
0 3656.19664899001372759813 1706.10601596752940167789
0 0 1
0.18219474599999999076 -0.47645552200000002019 0.39172488700000002160
-0.00068911099999999996 0.00014414600000000000
17.62366430598283528752 17.17125483490474735504 0.44652152133730449446
0.96067910697511571527 -0.26959268276004494380 -0.06644876841398944523
-0.25593336200761873656 -0.95257687517190947624 0.16460683794787331347
-0.10767435921783508057 -0.14112789338030257147 -0.98411846343672804149
IMG_190522_085518_0048_RGB.JPG 4608 3456
3656.19664899001372759813 0 2310.03961427600097522372
0 3656.19664899001372759813 1706.10601596752940167789
0 0 1
0.18219474599999999076 -0.47645552200000002019 0.39172488700000002160
-0.00068911099999999996 0.00014414600000000000
18.47140547739353522161 19.86623540434531776100 0.00414936008945200174
0.96237625892735179089 -0.26346186934508414312 -0.06648142337667331536
-0.23627752706464399957 -0.93223426954097654562 0.27406604477318669000
-0.13418221363955473713 -0.24804658855665751016 -0.95941024772940231014
IMG_190522_085519_0049_RGB.JPG 4608 3456
3656.19664899001372759813 0 2310.03961427600097522372
0 3656.19664899001372759813 1706.10601596752940167789
0 0 1
0.18219474599999999076 -0.47645552200000002019 0.39172488700000002160
-0.00068911099999999996 0.00014414600000000000
18.85680257624698796803 20.75562237496806972104 -0.05730569059818536176
0.96246629338330691450 -0.26122291842554562491 -0.07362894125436596215
-0.24008750537212023013 -0.94599398333801487659 0.21783795181847434574
-0.12655680094404359037 -0.19198429721598728181 -0.97320368153706304781
IMG_190522_085520_0050_RGB.JPG 4608 3456
3656.19664899001372759813 0 2310.03961427600097522372
0 3656.19664899001372759813 1706.10601596752940167789
0 0 1
0.18219474599999999076 -0.47645552200000002019 0.39172488700000002160
-0.00068911099999999996 0.00014414600000000000
18.93097197761350614087 20.57906017141803545201 0.10213987172052788055
0.96379698915527733938 -0.25200162293836242400 -0.08712373804912997011
-0.24612926226587997225 -0.96650046980700465848 0.07278205904818244032
-0.10254633075676422571 -0.04870342800328172905 -0.99353521636077568591
IMG_190522_085521_0051_RGB.JPG 4608 3456
3656.19664899001372759813 0 2310.03961427600097522372
0 3656.19664899001372759813 1706.10601596752940167789
0 0 1
0.18219474599999999076 -0.47645552200000002019 0.39172488700000002160
-0.00068911099999999996 0.00014414600000000000
19.91208563663196429161 23.75298008053420772967 -0.15049170095117300749
0.96322185238718105449 -0.25862657567919761226 -0.07291061264493606253
-0.23949815869260207557 -0.94933896777140236445 0.20346045378299312811
-0.12183716619595531816 -0.17851559770277930506 -0.97636462774424526145
IMG_190522_085522_0052_RGB.JPG 4608 3456
3656.19664899001372759813 0 2310.03961427600097522372
0 3656.19664899001372759813 1706.10601596752940167789
0 0 1
0.18219474599999999076 -0.47645552200000002019 0.39172488700000002160
-0.00068911099999999996 0.00014414600000000000
19.92621575272545797475 23.51707896407265963035 0.15519419647767701553
0.95918983637272459131 -0.26171063820686840673 -0.10706259687033335692
-0.25944926632949699696 -0.96513022817465043968 0.03478104174163208773
-0.11243191717813770525 -0.00558430952769029335 -0.99364373871460964782
IMG_190522_085523_0053_RGB.JPG 4608 3456
3656.19664899001372759813 0 2310.03961427600097522372
0 3656.19664899001372759813 1706.10601596752940167789
0 0 1
0.18219474599999999076 -0.47645552200000002019 0.39172488700000002160
-0.00068911099999999996 0.00014414600000000000
20.29113437342054382384 24.08395446868131273277 0.14327183301488283229
0.96077873722095041842 -0.26605144453501089474 -0.07823584194568176942
-0.26931334139736112787 -0.96243741195913179443 -0.03441732422482852299
-0.06614032241760019193 0.05413738931868215809 -0.99634060482761288569
IMG_190522_085524_0054_RGB.JPG 4608 3456
3656.19664899001372759813 0 2310.03961427600097522372
0 3656.19664899001372759813 1706.10601596752940167789
0 0 1
0.18219474599999999076 -0.47645552200000002019 0.39172488700000002160
-0.00068911099999999996 0.00014414600000000000
21.09033159684497249486 26.54672505816467875661 -0.05302756623097031746
0.96620430778231192193 -0.24491863494348087293 -0.08039961368268881692
-0.24975962788397063075 -0.96663708314125795784 -0.05685840109800206765
-0.06379156607392670597 0.07501740966990748383 -0.99513970091854597744
IMG_190522_085525_0055_RGB.JPG 4608 3456
3656.19664899001372759813 0 2310.03961427600097522372
0 3656.19664899001372759813 1706.10601596752940167789
0 0 1
0.18219474599999999076 -0.47645552200000002019 0.39172488700000002160
-0.00068911099999999996 0.00014414600000000000
22.13079973843006342804 27.26476329639452700349 -0.58402838449600058546
0.95715668314345558887 0.28581400442397425499 -0.04649127648227308063
0.28028189199073277882 -0.95477362041748181642 -0.09924411709008063021
-0.07275400288584772668 0.08196150700192655902 -0.99397644158906461875
IMG_190522_085526_0056_RGB.JPG 4608 3456
3656.19664899001372759813 0 2310.03961427600097522372
0 3656.19664899001372759813 1706.10601596752940167789
0 0 1
0.18219474599999999076 -0.47645552200000002019 0.39172488700000002160
-0.00068911099999999996 0.00014414600000000000
25.27112762794655154153 29.03276418415753568070 -2.07310607270449098749
-0.21680919188631286865 0.97518959414707317990 0.04471051085450155477
0.91569193092297884728 0.21902978163539160716 -0.33694842691322846040
-0.33838153311927438027 -0.03211246212951009149 -0.94046091243593443743
IMG_190522_085527_0057_RGB.JPG 4608 3456
3656.19664899001372759813 0 2310.03961427600097522372
0 3656.19664899001372759813 1706.10601596752940167789
0 0 1
0.18219474599999999076 -0.47645552200000002019 0.39172488700000002160
-0.00068911099999999996 0.00014414600000000000
26.16138588001768638946 28.51410935706015692404 -1.12336300928481991335
-0.21612194023164721379 0.97588139576050281221 -0.03077025120211780360
0.95758353285223363205 0.20570711487593190681 -0.20178790969643242703
-0.19059140736335342114 -0.07307588041175604177 -0.97894577538355165292
IMG_190522_085528_0058_RGB.JPG 4608 3456
3656.19664899001372759813 0 2310.03961427600097522372
0 3656.19664899001372759813 1706.10601596752940167789
0 0 1
0.18219474599999999076 -0.47645552200000002019 0.39172488700000002160
-0.00068911099999999996 0.00014414600000000000
19.88600896588831190570 26.93771288448718337349 -1.23160520549108465360
-0.22345425069579072375 0.97465333353777339198 0.01091225319026646254
0.96486410740519656937 0.22276978459971180646 -0.13932292456940287284
-0.13822247316249344773 -0.02060345828019612829 -0.99018687398881433115
IMG_190522_085529_0059_RGB.JPG 4608 3456
3656.19664899001372759813 0 2310.03961427600097522372
0 3656.19664899001372759813 1706.10601596752940167789
0 0 1
0.18219474599999999076 -0.47645552200000002019 0.39172488700000002160
-0.00068911099999999996 0.00014414600000000000
16.49662830824015102849 26.33467767112765400839 -1.20309858703544958480
-0.27317751056494005146 0.96115098069524262936 0.03953277159668327351
0.93077074020001493437 0.27447645111245316807 -0.24151295404642264542
-0.24298122748282097172 -0.02917996047438348867 -0.96959200336928064168
IMG_190522_085530_0060_RGB.JPG 4608 3456
3656.19664899001372759813 0 2310.03961427600097522372
0 3656.19664899001372759813 1706.10601596752940167789
0 0 1
0.18219474599999999076 -0.47645552200000002019 0.39172488700000002160
-0.00068911099999999996 0.00014414600000000000
14.13093775424789733108 26.39571004865839398690 0.18082305261279951747
-0.97204582167805220205 0.20620164330868417935 0.11228447290270684999
0.19959895352031234439 0.97756423490205690552 -0.06729356874139237610
-0.12364132930309636171 -0.04300056903291507582 -0.99139486217702821325
IMG_190522_085532_0062_RGB.JPG 4608 3456
3656.19664899001372759813 0 2310.03961427600097522372
0 3656.19664899001372759813 1706.10601596752940167789
0 0 1
0.18219474599999999076 -0.47645552200000002019 0.39172488700000002160
-0.00068911099999999996 0.00014414600000000000
16.84250861544132149561 24.59792477728050741348 1.75762623186551603105
-0.95094472258871054482 0.30899904024433505478 -0.01495753016911848671
0.30884989415074637353 0.95104149366844004110 0.01148129800916196722
0.01777294189921944240 0.00629844814079200122 -0.99982221023903283807
IMG_190522_085533_0063_RGB.JPG 4608 3456
3656.19664899001372759813 0 2310.03961427600097522372
0 3656.19664899001372759813 1706.10601596752940167789
0 0 1
0.18219474599999999076 -0.47645552200000002019 0.39172488700000002160
-0.00068911099999999996 0.00014414600000000000
15.76215991810334315915 20.45967958022932009499 0.60904931732848011094
-0.97049366832501549052 0.21723688811350716499 0.10464307996143047685
0.22963686203168667821 0.96504511831913075692 0.12631243487739057807
-0.07354557319985258190 0.14661532679489719388 -0.98645577428059627589
IMG_190522_085534_0064_RGB.JPG 4608 3456
3656.19664899001372759813 0 2310.03961427600097522372
0 3656.19664899001372759813 1706.10601596752940167789
0 0 1
0.18219474599999999076 -0.47645552200000002019 0.39172488700000002160
-0.00068911099999999996 0.00014414600000000000
15.36606299326230917757 20.01492586020899011601 0.02067862579569957823
-0.94744348905432063113 0.30848855969316374415 0.08476817555552683403
0.31209479309639981404 0.94948149358494360328 0.03288971665763804064
-0.07033971261450132351 0.05761685411528204293 -0.99585773228467100449
IMG_190522_085535_0065_RGB.JPG 4608 3456
3656.19664899001372759813 0 2310.03961427600097522372
0 3656.19664899001372759813 1706.10601596752940167789
0 0 1
0.18219474599999999076 -0.47645552200000002019 0.39172488700000002160
-0.00068911099999999996 0.00014414600000000000
15.00914159068354081228 19.91450319198850849034 -0.14998043435283620051
-0.93972268224027999395 0.30882744966487252203 0.14678857863139210815
0.29799240987055336527 0.95018472786101049188 -0.09137563460374750757
-0.16769556983615849233 -0.04212587415339960617 -0.98493837704911169073
IMG_190522_085536_0066_RGB.JPG 4608 3456
3656.19664899001372759813 0 2310.03961427600097522372
0 3656.19664899001372759813 1706.10601596752940167789
0 0 1
0.18219474599999999076 -0.47645552200000002019 0.39172488700000002160
-0.00068911099999999996 0.00014414600000000000
13.93543009148852895862 17.21158170932657327512 -0.18794886736346658185
-0.94716221329015948260 0.29882563444243082085 0.11656320995650892858
0.30630755456873176579 0.95049785184284563133 0.05224476678346862829
-0.09518100508720149511 0.08518846073391823925 -0.99180819840752254546
IMG_190522_085537_0067_RGB.JPG 4608 3456
3656.19664899001372759813 0 2310.03961427600097522372
0 3656.19664899001372759813 1706.10601596752940167789
0 0 1
0.18219474599999999076 -0.47645552200000002019 0.39172488700000002160
-0.00068911099999999996 0.00014414600000000000
13.37843362692044557605 16.10274385724694212740 -0.29979973338855042675
-0.94599267269639197853 0.29512038833591786036 0.13417085970207504042
0.29408188051302930344 0.95537142470507341319 -0.02795153682570266154
-0.13643207379006302982 0.01301526970351796555 -0.99056392625407441166
IMG_190522_085538_0068_RGB.JPG 4608 3456
3656.19664899001372759813 0 2310.03961427600097522372
0 3656.19664899001372759813 1706.10601596752940167789
0 0 1
0.18219474599999999076 -0.47645552200000002019 0.39172488700000002160
-0.00068911099999999996 0.00014414600000000000
12.89545798969334455819 14.61755770675843635331 0.09606138293901585190
-0.93963295598592322388 0.31987539134490172721 0.12153041609861306438
0.31892026968770653683 0.94737486797760994683 -0.02776186425164044527
-0.12401519909864508473 0.01267255050698003552 -0.99219939369875220780
IMG_190522_085539_0069_RGB.JPG 4608 3456
3656.19664899001372759813 0 2310.03961427600097522372
0 3656.19664899001372759813 1706.10601596752940167789
0 0 1
0.18219474599999999076 -0.47645552200000002019 0.39172488700000002160
-0.00068911099999999996 0.00014414600000000000
12.07135268674859140958 12.35700792193065389313 0.62066526592494630776
-0.93815947885568840015 0.32476714793012795290 0.11992952871813376825
0.33233179659898059999 0.94188422118521719639 0.04908860205394393467
-0.09701736546885318668 0.08590933306484874188 -0.99156805983746565403
IMG_190522_085540_0070_RGB.JPG 4608 3456
3656.19664899001372759813 0 2310.03961427600097522372
0 3656.19664899001372759813 1706.10601596752940167789
0 0 1
0.18219474599999999076 -0.47645552200000002019 0.39172488700000002160
-0.00068911099999999996 0.00014414600000000000
11.71813453498067936209 11.73109592536239276228 0.80608504523905399886
-0.94091412867599588665 0.31279269558408479002 0.12977415785561366435
0.30745143625932719322 0.94967952062677463143 -0.05985334112793079531
-0.14196554793318180709 -0.01641760309368107962 -0.98973544218073239431
IMG_190522_085541_0071_RGB.JPG 4608 3456
3656.19664899001372759813 0 2310.03961427600097522372
0 3656.19664899001372759813 1706.10601596752940167789
0 0 1
0.18219474599999999076 -0.47645552200000002019 0.39172488700000002160
-0.00068911099999999996 0.00014414600000000000
11.14977092325451302202 10.01789142605684013176 0.73335977079953662550
-0.93985238696505113420 0.31537364325184180647 0.13121339816556723545
0.31345475723430438197 0.94893640980636151383 -0.03557815777968697385
-0.13573358421289474784 0.00769124735481799271 -0.99071551861815920770
IMG_190522_085542_0072_RGB.JPG 4608 3456
3656.19664899001372759813 0 2310.03961427600097522372
0 3656.19664899001372759813 1706.10601596752940167789
0 0 1
0.18219474599999999076 -0.47645552200000002019 0.39172488700000002160
-0.00068911099999999996 0.00014414600000000000
10.19147804709283988700 7.54031689477224187357 0.51592817066189655684
-0.94345137029627024194 0.30790306315630938672 0.12286258822380270728
0.31604411686933053804 0.94726541112553663826 0.05295618072947694960
-0.10007810988610291170 0.08879157946635390930 -0.99100980183724474148
IMG_190522_085543_0073_RGB.JPG 4608 3456
3656.19664899001372759813 0 2310.03961427600097522372
0 3656.19664899001372759813 1706.10601596752940167789
0 0 1
0.18219474599999999076 -0.47645552200000002019 0.39172488700000002160
-0.00068911099999999996 0.00014414600000000000
9.84584284242480300975 6.66829646421915622767 0.41233858252609201234
-0.94018674588571937711 0.31565393460603113907 0.12810728483795610910
0.31291965884549749477 0.94887374917209554859 -0.04147161969477949905
-0.13464831959159107022 0.00109622069967135055 -0.99089284402065314072
IMG_190522_085544_0074_RGB.JPG 4608 3456
3656.19664899001372759813 0 2310.03961427600097522372
0 3656.19664899001372759813 1706.10601596752940167789
0 0 1
0.18219474599999999076 -0.47645552200000002019 0.39172488700000002160
-0.00068911099999999996 0.00014414600000000000
9.16551046851450657016 4.82576108203040998745 0.50354946963861979548
-0.93822676098026092095 0.32124571470679974539 0.12857579773427657566
0.31686674656775021264 0.94694641664185452701 -0.05373964019902026379
-0.13901802005516161742 -0.00967857384475807880 -0.99024255377572734105
IMG_190522_085545_0075_RGB.JPG 4608 3456
3656.19664899001372759813 0 2310.03961427600097522372
0 3656.19664899001372759813 1706.10601596752940167789
0 0 1
0.18219474599999999076 -0.47645552200000002019 0.39172488700000002160
-0.00068911099999999996 0.00014414600000000000
9.15751365025797348096 4.90111868693000207742 0.69101424258736054984
-0.93118716975204884889 0.34135897774525564285 0.12792381796164117858
0.33301816062054595546 0.93931323130039179325 -0.08239877548195095880
-0.14828809657581187853 -0.03412772797492914095 -0.98835516824529823232
IMG_190522_085546_0076_RGB.JPG 4608 3456
3656.19664899001372759813 0 2310.03961427600097522372
0 3656.19664899001372759813 1706.10601596752940167789
0 0 1
0.18219474599999999076 -0.47645552200000002019 0.39172488700000002160
-0.00068911099999999996 0.00014414600000000000
7.74971341314462947025 1.19979303583973551106 0.71859114851208316654
-0.93600193840286471936 0.31992714425503537834 0.14678894261795699672
0.33073174143086880861 0.94208306488653725808 0.05564183735368073008
-0.12048604282731274762 0.10062863023417487063 -0.98760163642078313551
IMG_190522_085547_0077_RGB.JPG 4608 3456
3656.19664899001372759813 0 2310.03961427600097522372
0 3656.19664899001372759813 1706.10601596752940167789
0 0 1
0.18219474599999999076 -0.47645552200000002019 0.39172488700000002160
-0.00068911099999999996 0.00014414600000000000
7.23116521702552894624 -0.16542144278824486014 0.52310718734022210175
-0.93872924921126232878 0.31736512746699419019 0.13441269487335733013
0.32474779143256782277 0.94509493830227320199 0.03652984471760128277
-0.11543945874322689149 0.07794185950618026659 -0.99025188608847891647
IMG_190522_085548_0078_RGB.JPG 4608 3456
3656.19664899001372759813 0 2310.03961427600097522372
0 3656.19664899001372759813 1706.10601596752940167789
0 0 1
0.18219474599999999076 -0.47645552200000002019 0.39172488700000002160
-0.00068911099999999996 0.00014414600000000000
6.62485230269258806857 -1.75927283517293098214 0.34453804330737686223
-0.93391284220621340051 0.33156473979670753049 0.13368480274830810139
0.33615169081063089873 0.94172257005130632912 0.01267445545641095704
-0.12169159349546876392 0.05677520919824224910 -0.99094284986220548817
IMG_190522_085549_0079_RGB.JPG 4608 3456
3656.19664899001372759813 0 2310.03961427600097522372
0 3656.19664899001372759813 1706.10601596752940167789
0 0 1
0.18219474599999999076 -0.47645552200000002019 0.39172488700000002160
-0.00068911099999999996 0.00014414600000000000
5.85638158368370120854 -3.77151396805125971312 0.36663506813000529272
-0.93781558932473196855 0.31894073798966277034 0.13703549200887690795
0.33037835210151733634 0.94122373612080034722 0.07034218524817044405
-0.10654606929489016109 0.11124155794221582405 -0.98806540821162103239
IMG_190522_085550_0080_RGB.JPG 4608 3456
3656.19664899001372759813 0 2310.03961427600097522372
0 3656.19664899001372759813 1706.10601596752940167789
0 0 1
0.18219474599999999076 -0.47645552200000002019 0.39172488700000002160
-0.00068911099999999996 0.00014414600000000000
5.41630920043091101945 -4.74618353466355458181 0.45122591726614430518
-0.93283952162792571627 0.33063132052664434557 0.14315500960773233641
0.33474279634297771091 0.94229653592695794551 0.00494961377674716513
-0.13325797231485378425 0.05253730357434198417 -0.98968790259741534765
IMG_190522_085551_0081_RGB.JPG 4608 3456
3656.19664899001372759813 0 2310.03961427600097522372
0 3656.19664899001372759813 1706.10601596752940167789
0 0 1
0.18219474599999999076 -0.47645552200000002019 0.39172488700000002160
-0.00068911099999999996 0.00014414600000000000
4.71433027619200739622 -6.66884740112821639002 0.53923054406661330429
-0.93633084738301819439 0.32357012706411120151 0.13633384433336387387
0.33251194203105355340 0.94186224763878356736 0.04828369165210891212
-0.11278454081006090981 0.09054214126324565404 -0.98948560778301886121
IMG_190522_085552_0082_RGB.JPG 4608 3456
3656.19664899001372759813 0 2310.03961427600097522372
0 3656.19664899001372759813 1706.10601596752940167789
0 0 1
0.18219474599999999076 -0.47645552200000002019 0.39172488700000002160
-0.00068911099999999996 0.00014414600000000000
4.08721855827051960830 -8.40782198790045853798 0.58012591073152686150
-0.92916976930779038302 0.34925208407257374299 0.12110541513686043369
0.35847458156700068299 0.93130075889716090742 0.06461324050019341680
-0.09021925612013885487 0.10344988278647745950 -0.99053450599996406556
IMG_190522_085553_0083_RGB.JPG 4608 3456
3656.19664899001372759813 0 2310.03961427600097522372
0 3656.19664899001372759813 1706.10601596752940167789
0 0 1
0.18219474599999999076 -0.47645552200000002019 0.39172488700000002160
-0.00068911099999999996 0.00014414600000000000
3.49969394683980583594 -9.97355388348284144229 0.58620245988124985992
-0.93297250184341651291 0.33470044118961511659 0.13243083278267614444
0.34274012232424766466 0.93845561689335532662 0.04278158097209103922
-0.10996144484861899993 0.08530339845978489322 -0.99026855491730891856
IMG_190522_085554_0084_RGB.JPG 4608 3456
3656.19664899001372759813 0 2310.03961427600097522372
0 3656.19664899001372759813 1706.10601596752940167789
0 0 1
0.18219474599999999076 -0.47645552200000002019 0.39172488700000002160
-0.00068911099999999996 0.00014414600000000000
2.97124642587226350798 -11.48076260763050804314 0.58293681910071948327
-0.93013475684391000442 0.34517180124661084317 0.12532263057840142828
0.35304959503369220952 0.93444330186008428552 0.04660149198651512142
-0.10102137178570808063 0.08759077139170229342 -0.99102095800721612395
IMG_190522_085555_0085_RGB.JPG 4608 3456
3656.19664899001372759813 0 2310.03961427600097522372
0 3656.19664899001372759813 1706.10601596752940167789
0 0 1
0.18219474599999999076 -0.47645552200000002019 0.39172488700000002160
-0.00068911099999999996 0.00014414600000000000
2.32565706529040872041 -13.09768781248547320217 0.55309538865548757425
-0.93108656610519224817 0.34082493652189654876 0.13006217383731072390
0.34688531930595872810 0.93753335220201827749 0.02649129590732745079
-0.11290873158637790286 0.06978234843921268804 -0.99115187644369806552
IMG_190522_085556_0086_RGB.JPG 4608 3456
3656.19664899001372759813 0 2310.03961427600097522372
0 3656.19664899001372759813 1706.10601596752940167789
0 0 1
0.18219474599999999076 -0.47645552200000002019 0.39172488700000002160
-0.00068911099999999996 0.00014414600000000000
1.89933034479242057735 -14.13748351702723837775 0.50243945462201478058
-0.93084794366209699934 0.34260402031158526670 0.12706136724584779496
0.33989462395811531614 0.93947492395045661961 -0.04311046129021509077
-0.13414078568584855700 0.00305819139731026979 -0.99095756573173232606
IMG_190522_085557_0087_RGB.JPG 4608 3456
3656.19664899001372759813 0 2310.03961427600097522372
0 3656.19664899001372759813 1706.10601596752940167789
0 0 1
0.18219474599999999076 -0.47645552200000002019 0.39172488700000002160
-0.00068911099999999996 0.00014414600000000000
0.79711142869511009135 -17.04365284024480331482 0.41477721100181702552
-0.93204067976495974523 0.33939988920032931885 0.12691684866114474883
0.35049732952989642865 0.93329905638155818970 0.07813125718753205495
-0.09193363506183660494 0.11730552658803952704 -0.98883144174132109328
IMG_190522_085558_0088_RGB.JPG 4608 3456
3656.19664899001372759813 0 2310.03961427600097522372
0 3656.19664899001372759813 1706.10601596752940167789
0 0 1
0.18219474599999999076 -0.47645552200000002019 0.39172488700000002160
-0.00068911099999999996 0.00014414600000000000
0.20778670816937019894 -18.63907779616736348771 0.39878816866102773098
-0.92754934685361800639 0.35011562330846141000 0.13065702991708585956
0.36138651461643778173 0.92938783814280934159 0.07508683883090661038
-0.09514197919325592667 0.11686443696678160131 -0.98858014706326535759
IMG_190522_085559_0089_RGB.JPG 4608 3456
3656.19664899001372759813 0 2310.03961427600097522372
0 3656.19664899001372759813 1706.10601596752940167789
0 0 1
0.18219474599999999076 -0.47645552200000002019 0.39172488700000002160
-0.00068911099999999996 0.00014414600000000000
-0.01748863258280320895 -19.24160265532015046119 0.47254706158320608500
-0.92902974208377808729 0.34860103997191632663 0.12402037435134238841
0.34397442452608301133 0.93720789082556732463 -0.05764516151630769830
-0.13632803671915283417 -0.01089423263886067639 -0.99060384720609262477
IMG_190522_085600_0090_RGB.JPG 4608 3456
3656.19664899001372759813 0 2310.03961427600097522372
0 3656.19664899001372759813 1706.10601596752940167789
0 0 1
0.18219474599999999076 -0.47645552200000002019 0.39172488700000002160
-0.00068911099999999996 0.00014414600000000000
-0.94764021722411984072 -21.67708606068495313934 0.36772803210528604012
-0.93064884672750369798 0.34336336364411018662 0.12646867039614945183
0.34724318936301701299 0.93772871495164322742 0.00932869745140197867
-0.11539017083689254162 0.05259712598747616485 -0.99192673661520514017
IMG_190522_085601_0091_RGB.JPG 4608 3456
3656.19664899001372759813 0 2310.03961427600097522372
0 3656.19664899001372759813 1706.10601596752940167789
0 0 1
0.18219474599999999076 -0.47645552200000002019 0.39172488700000002160
-0.00068911099999999996 0.00014414600000000000
-1.21038626717671826682 -22.41878836914542105774 0.11697909451532721714
-0.92118236676484333003 0.36557343228472966024 0.13333833945675155341
0.35792322700420853288 0.93046263089043113048 -0.07829595192186619701
-0.15268926200756721689 -0.02439996155774797754 -0.98797299110024505708
IMG_190522_085602_0092_RGB.JPG 4608 3456
3656.19664899001372759813 0 2310.03961427600097522372
0 3656.19664899001372759813 1706.10601596752940167789
0 0 1
0.18219474599999999076 -0.47645552200000002019 0.39172488700000002160
-0.00068911099999999996 0.00014414600000000000
-2.57824245803009377553 -25.79061427759508262625 -0.22269023427658335423
-0.92994240650536263981 0.33949309488569701099 0.14124998799272850403
0.33721349184531446141 0.94055589317469745492 -0.04051756078340665312
-0.14660894072499411345 0.00995240369348822373 -0.98914446273545753030
IMG_190522_085603_0093_RGB.JPG 4608 3456
3656.19664899001372759813 0 2310.03961427600097522372
0 3656.19664899001372759813 1706.10601596752940167789
0 0 1
0.18219474599999999076 -0.47645552200000002019 0.39172488700000002160
-0.00068911099999999996 0.00014414600000000000
-2.70756721735743344226 -27.51135423892720410777 -0.59025338345935507434
-0.64991465717351093456 0.73634599937093625499 0.18816351293875988038
0.75386070991760789628 0.65601218038061992477 0.03663399015648020202
-0.09646226429831439297 0.16565804659805116739 -0.98145424914448253784
IMG_190522_085604_0094_RGB.JPG 4608 3456
3656.19664899001372759813 0 2310.03961427600097522372
0 3656.19664899001372759813 1706.10601596752940167789
0 0 1
0.18219474599999999076 -0.47645552200000002019 0.39172488700000002160
-0.00068911099999999996 0.00014414600000000000
-2.73403803311200421788 -26.39365042787349224795 -0.78529438004832763376
0.11921060786040688084 0.98024149163199780777 -0.15784628299908845528
0.99128241975222375348 -0.10852243921012683092 0.07471308103712635817
0.05610699834894201932 -0.16537683716579040794 -0.98463318371122920958
IMG_190522_085605_0095_RGB.JPG 4608 3456
3656.19664899001372759813 0 2310.03961427600097522372
0 3656.19664899001372759813 1706.10601596752940167789
0 0 1
0.18219474599999999076 -0.47645552200000002019 0.39172488700000002160
-0.00068911099999999996 0.00014414600000000000
-5.62006603219106715130 -25.34825164834035859940 -0.98730059901605438100
0.01180602724507662758 0.99497523249161612391 0.09942285677319336046
0.98725178685051206973 -0.02738194703362161267 0.15679329812564946067
0.15872783965379028137 0.09630428705360083441 -0.98261434816205395215
IMG_190522_085606_0096_RGB.JPG 4608 3456
3656.19664899001372759813 0 2310.03961427600097522372
0 3656.19664899001372759813 1706.10601596752940167789
0 0 1
0.18219474599999999076 -0.47645552200000002019 0.39172488700000002160
-0.00068911099999999996 0.00014414600000000000
-7.20426102769889897814 -24.58884013158636605567 -0.81799126939506783263
